18785
12172
19419
15082
20602
7044
15203
11325
11773
6849
29084
31751
15492
30148
19470
11389
25850
25369
4903
24617
3154
3642
30091
14317
2424
1456
19883
21061
14216
21627
26009
20428
30783
19124
11547
258
15023
14705
5630
8524
23094
9705
2732
17212
27056
14297
13057
21011
16108
26406
31579
19588
21085
11459
4592
7355
18194
15061
20069
12702
12008
21
14236
15699
24319
31350
7117
15618
26730
7433
28376
11740
2347
19741
25305
4956
10590
15018
28413
13004
14516
6128
14485
10252
35
29787
4713
14223
15324
16042
1615
422
4478
12880
7420
31489
13961
13338
22553
20082
23317
25107
4762
3061
11460
23205
15179
18670
1525
32512
7595
5553
7482
13504
11518
27719
18701
27337
1438
31856
11198
25974
6290
30948
23472
5620
13665
18910
23493
232
26152
18651
30743
30808
20971
27039
23273
11464
6441
29818
28125
22947
24755
13769
23399
4317
32446
18111
17537
27095
32310
21350
32416
6019
27733
480
28135
10696
9333
24307
20379
32296
3618
29637
2264
9120
372
26851
19842
13775
17819
23176
13181
29531
23996
16925
1569
5009
6140
6396
28136
8011
4826
6265
16490
20759
11457
15139
3212
16533
4573
25415
14068
23841
23599
19126
15040
31666
31196
8136
25207
31746
19915
29601
3391
18672
15982
23987
21585
14370
9952
30852
9387
3310
24113
7090
8452
8827
18686
30516
24581
291
10564
29666
23222
25372
8309
32056
7991
27736
6092
6231
7088
6569
734
27724
5514
11049
12403
8085
8416
3545
7571
12001
11312
2184
32484
8472
29783
12279
29747
15515
29884
26170
6736
8653
10187
26977
28447
28370
11173
13656
15340
20631
7957
15628
31231
9490
19143
16079
25968
4811
27316
14334
12861
14747
11233
15329
6042
24755
12873
12754
9608
17889
15127
16034
6313
29199
12057
23864
8275
14093
14706
27259
19171
14992
13967
10355
3156
12922
3932
31914
4880
13915
21687
28121
24325
19000
12069
9408
20220
1676
30403
29782
6182
397
1920
11554
23544
23984
9610
16361
20537
8559
1542
29577
11610
15434
20484
12837
22277
23820
10674
12674
29432
32079
9679
31409
25108
17986
9571
5359
20401
12970
430
22473
19253
4647
4702
10372
8165
20921
25605
9915
24315
11650
13001
3146
20472
12238
32094
17515
15163
8528
17457
32287
17107
20142
18662
15824
15762
18241
25093
12852
18530
30998
14064
20596
476
20024
30745
31630
9239
12081
26481
15096
28862
3790
17700
17542
9062
25379
29827
23949
24094
12239
27969
22345
17479
1409
19683
10876
14246
6843
7282
30296
27575
25046
7795
26271
17220
16455
14617
17673
11319
19232
20664
14822
28077
11482
9853
4
7243
6225
3933
4051
10453
27920
5963
1479
15612
28879
25774
18430
23160
16954
28690
12067
28759
26868
25629
13970
23189
9948
14789
30652
32748
28303
25793
29901
493
9006
9277
30349
13136
1377
19410
388
18569
29083
6325
9826
30364
21408
26415
12702
29745
29509
23629
32348
4331
32375
22488
28820
22262
29823
17031
23153
27359
22148
3188
20727
7593
16722
28621
13289
25885
21594
19404
27882
11873
2553
11241
10722
16076
25853
20302
5795
5881
5989
17547
22989
3098
1640
28043
22766
2959
20409
32710
2030
15544
13322
21689
18347
29959
2767
7827
6112
12889
9028
21810
8267
3974
14001
28493
21775
26422
20460
15347
14935
6391
19488
28724
2876
9357
22734
15646
18409
3977
4881
491
28412
18718
11302
28280
26160
47
14123
10745
22073
8108
1063
20972
32240
25887
11339
25931
16560
17794
13176
28678
29696
5204
25345
2736
12402
8428
16817
632
10699
15884
19728
15708
21091
26553
22498
11929
19919
31562
12785
28518
30398
13760
32012
20449
31777
27733
21328
29770
22927
13144
8870
21103
12007
26423
24973
9063
15159
19422
282
7555
32476
13887
16444
2690
18667
29746
17477
3588
13264
26240
6822
12354
21813
314
2042
251
9510
9808
18503
26290
24690
3678
9344
28182
27220
13257
334
11714
29010
29707
19215
4646
23398
23371
25376
9669
15708
20017
29271
10658
24955
1528
17620
4596
8551
4805
4858
15137
5958
22583
23480
27370
27170
14399
13325
29155
14734
24626
12235
295
27789
27676
18331
2121
26543
21592
24641
12174
28285
22877
22305
16985
13335
25051
14338
7654
24348
32519
19
30779
1226
2866
4651
4956
24423
5793
16469
12479
17375
5785
3724
22783
6830
2745
4803
19412
24576
3213
5673
11331
28439
32095
23466
15634
7406
18000
12217
16767
26140
24232
9549
22066
13306
3179
9257
22127
32008
4909
11361
8592
17549
17702
29466
21683
15742
10889
15505
19632
5281
13074
5983
1102
9714
9694
23803
8886
8518
17280
7040
20007
25134
20049
19632
5868
32542
27911
32313
3723
21455
7050
20280
24384
2785
7683
26364
30633
27333
10805
18700
7875
27098
15120
10859
1045
19926
17027
11290
8235
23144
11667
7903
31046
21276
28330
13381
8274
21630
561
16612
31256
18562
8544
29666
10421
31267
5973
10170
10571
3147
27748
12348
31222
22515
23471
18902
23554
30091
18166
3601
1627
30108
7344
4446
23620
3244
25690
3603
31820
13922
25871
16561
15230
5098
6745
22888
24793
2459
27463
9949
13568
24535
22463
24106
14898
27443
4118
9254
8315
32728
10974
15336
18988
13354
27903
32390
29834
13991
22538
34
22723
15121
29385
1576
22822
17103
27
13009
3730
17553
6142
2540
18991
30515
22254
13021
24413
17380
5998
7142
18922
9095
27108
25253
1160
27481
16041
9694
9086
19668
30305
9339
1949
3284
19592
19921
15734
13817
20558
10021
23754
19020
24485
10863
31810
14373
22680
605
3424
5708
29918
18331
13494
27486
943
9042
29270
1138
30166
31471
11913
7933
28680
2341
32452
27123
22388
2101
14039
8751
3227
20845
6760
19989
18530
5614
17056
23670
20325
5299
3108
10931
28559
29135
8519
13862
31720
4854
29822
31933
15021
9535
16148
20712
31142
12328
22558
9398
15540
23003
30642
4155
15018
16560
14932
5940
7261
3570
30897
29166
12799
9702
18320
23907
4776
6409
13317
13990
23094
15002
4071
25986
31063
88
25221
23134
19428
3981
20885
9060
26993
6987
5741
23779
25634
30710
21366
241
27072
2050
24029
23124
31499
26110
20363
7843
11602
28626
30040
29608
10818
5957
28027
25609
25084
7106
2629
1831
9066
4443
19728
24647
3794
22798
3442
14576
5803
28231
8374
31379
688
11687
5516
19314
10548
30980
22527
29370
21173
23729
20904
18418
31667
6655
23073
12697
26818
15107
3005
30475
16607
5018
20598
27045
8704
21419
15143
10537
25583
3756
252
1892
32087
23656
10022
20238
16159
30463
14547
29169
23032
31278
6493
25166
25138
10192
18113
7036
17876
21925
8276
7634
26859
26707
1457
25031
23586
32682
25078
1624
24979
14380
30512
16042
13277
9677
32275
17137
17271
27639
28143
18576
24132
5841
223
17794
30055
6593
18500
760
30040
5936
25969
17219
25655
21901
15016
32501
14945
1428
10310
32067
10562
15824
10810
19374
17514
20318
27067
22755
16610
22517
5947
14047
16064
13603
8342
18518
20729
15577
6032
23894
14199
24362
23678
808
32619
5456
24899
2935
32229
16880
6270
3763
22690
26271
25858
28088
4388
21156
7559
5803
17928
12031
30879
4389
7829
2987
29931
5524
5265
21025
4494
13278
4184
16669
27362
19783
2863
21924
3946
26004
11221
17734
8456
3952
4443
28065
5744
30736
16438
23846
12509
22035
26003
22816
31235
16300
25834
1265
24132
11266
25558
3743
14118
9175
18468
1168
23045
25960
23593
14482
32517
32661
3417
21535
5195
10306
30998
478
20845
20989
15302
20588
7974
17633
13864
12893
10063
16058
15592
16254
8458
24170
26225
7005
11585
24203
27394
9484
22351
25429
19204
21537
3580
24514
12187
26369
10415
22001
14715
18015
19679
30408
12797
16895
18379
25822
21105
2752
12395
7832
5558
3545
26022
21394
18441
5475
15557
10560
18715
21016
29736
13013
13414
12890
15927
8291
25536
10871
30876
26948
49
21035
25520
30138
5378
31590
28210
3026
22806
9808
26943
910
8830
30346
14462
1602
14407
3511
21148
23871
30358
28476
9720
5039
30968
20803
13727
28608
16115
32518
634
1797
32481
12362
5318
29209
6910
31273
14789
25477
27839
15637
18867
9699
23141
13338
2556
17732
27347
2403
32684
26576
19356
5120
17959
6572
32097
8935
15898
4129
6746
31032
10417
10234
27442
24517
779
9005
15896
28625
13803
27070
13331
31512
28080
20961
30869
13584
11911
13151
5972
367
30943
19002
25685
3053
4637
11412
10825
3403
17809
22477
4893
24980
12713
6380
32461
21411
30053
21568
15481
16869
21003
28743
22970
96
5404
26574
31798
7156
24198
18266
31090
25313
5915
6599
8424
22154
11074
2095
27738
27257
24045
12557
2661
13474
18379
31394
30553
29420
22206
25752
6216
2541
24975
7398
3165
24821
9185
23539
10351
16207
13923
19454
20694
3779
22346
32701
9598
10079
5887
15428
13370
2168
15636
6697
9562
8939
31101
16870
5759
6312
13821
18302
6062
5490
7134
26980
32420
9440
8677
13976
1129
10664
13957
24595
24872
23068
23123
14693
23102
26101
16058
11421
30353
10576
15600
9577
19747
4342
14632
14206
8679
5088
17930
1082
17619
26107
7264
9096
26422
18472
15122
5125
23372
6535
17236
30305
29199
3573
25886
6151
27473
11731
28636
4352
11272
778
23400
30996
12009
5963
11000050
30771
25400
10140
24013
13844
28126
12560
25213
27932
188
15061
16206
9345
15423
372
9528
21935
20276
26453
24723
235
18654
20098
23502
30006
20806
16300
14947
20340
15315
627
8202
29901
10266
2786
30766
3156
9463
24633
20893
15334
2525
24816
8835
11349
31338
2040
2201
6342
18495
5956
22938
27992
9998
19336
6135
14599
26356
32065
8139
30415
10506
21237
8209
29204
16951
26812
13333
19009
16456
4351
12584
22960
17730
4736
31896
970
11510
1946
32223
11887
12503
17099
283
27288
32265
23663
7614
4154
29114
19918
30087
20846
28597
15705
24497
2256
1844
24625
21610
18212
23030
5353
11398
25664
31122
7053
2421
5926
12043
3811
31090
22896
24740
752
11262
6641
2550
27838
19085
665
31295
14173
18815
21913
19709
10792
17745
9672
20668
1097
16405
28229
20524
29056
21279
19806
29046
15392
10498
26289
8144
24666
21435
12433
13136
25789
21291
12460
19197
7166
24523
27626
3372
13301
19867
3480
16906
13801
7003
2501
31861
23565
510
16108
17680
24650
6236
23252
31638
10303
24359
1717
25198
29319
18720
7836
2176
26938
5002
30736
1352
15798
735
31734
15144
12703
22467
6066
5123
12580
4150
18831
27655
25220
18701
19553
7882
20177
21411
9833
27289
2037
21452
8056
7693
28658
31242
25175
17374
1390
11780
19815
16636
22894
15667
13957
6364
4706
25055
9776
19472
8290
13898
19950
1307
1719
26667
15851
1923
24221
16477
7652
5416
30535
21209
27971
15827
14116
27362
3724
19730
8801
1919
8695
19012
10927
31790
29535
16112
11334
2519
32602
14171
15401
1023
21418
12633
11180
22078
20180
28003
25908
32243
782
21994
1599
19510
16478
28907
23204
1038
2561
4036
7451
10468
31498
12614
8447
4408
24139
18955
18771
4499
32120
26377
28932
21437
27530
24168
10349
11823
20066
657
27680
4043
27567
2952
14564
21451
32017
10875
8442
4600
3967
31643
18085
16156
29158
18986
24553
12729
30482
23253
10130
24315
3794
12357
24440
25580
31319
32241
18434
12007
8158
15670
12521
23887
16783
6313
1854
8576
7076
8620
1199
17670
11725
1087
25606
6926
13267
11545
16114
30489
4476
5624
30986
31736
13744
11317
23567
22260
14553
1435
18801
15181
14992
22393
9493
12774
17013
25590
23894
4414
10334
20901
13386
12706
18357
8537
11846
12705
539
13883
18852
24257
21841
9241
25539
5744
2137
14337
28496
13117
13272
28431
24516
23112
10687
20355
28206
15607
42
22550
6963
8939
17289
31119
4691
20531
5117
20113
21102
7103
12805
1463
16262
18967
15961
12771
454
77
12566
29906
21955
25391
19484
14324
12803
14018
3252
26491
26044
4588
24695
25522
5341
31345
8555
7313
13650
32033
7534
2958
29060
5711
11480
32693
5152
32388
7260
28667
24858
12149
28207
18384
32753
13619
13932
25075
23348
8098
5816
9610
6469
10284
7458
31090
4701
24502
2636
468
26576
30931
17104
23545
8339
568
28637
19551
28411
9585
4897
4876
967
15826
4588
23074
4705
23471
31634
29364
27233
2000
3857
21464
19027
23327
17395
4093
20410
16036
23158
13439
10325
26547
14059
18297
26784
25700
3164
22491
11166
19524
6769
21436
24534
26954
660
6385
26011
27917
30804
29662
25233
1587
20743
140
28269
27181
14004
8700
31996
10018
560
955
10599
21032
134
22967
18101
26042
10140
21073
22929
25703
32276
28339
24398
5063
14961
13668
1576
25523
23931
29465
15053
21941
19428
32207
12060
30910
11051
11798
15916
19735
1473
688
20880
9370
31339
8794
11225
21282
31463
12266
15453
17216
24018
9370
24631
17200
18377
9380
13455
7691
12239
527
24092
21821
750
25032
27110
3642
11041
14068
11089
2157
32114
2181
15191
12145
21344
13579
32021
7556
21379
10445
19337
8761
11635
14873
13466
8557
19685
8152
25944
24187
18455
13925
11142
1972
3439
1696
12374
5641
5215
17214
20595
21771
5515
12387
13636
10006
3630
10610
4976
22984
4793
14628
12957
7864
13502
30679
8830
31845
13
9257
16652
19309
21277
10694
30227
5120
5805
2686
18417
24467
6314
23963
11674
21209
3668
22897
16864
9199
413
6966
15346
16599
11729
8468
20770
14887
3964
10877
25579
17922
11145
29375
9266
28488
20903
31192
1228
17674
24049
20363
10817
7745
15821
5299
14031
17855
15380
9944
6066
8805
22644
10752
14243
12183
11795
25799
15007
23021
11637
8882
9961
5163
11680
4289
8018
14452
6270
18499
4792
2490
13954
31726
1229
27001
23950
31535
21529
5541
1813
32703
8515
737
4477
31095
15244
9969
12487
19557
13980
18290
21105
13599
3457
8392
30875
18263
30453
31065
20586
15024
20191
29945
1962
31184
14621
15524
9655
10167
24961
20083
27549
3919
32025
2505
32638
12612
28852
19405
26420
25621
16545
12318
5688
14956
11706
18882
4802
9131
9122
26719
30258
31431
23626
15789
19631
30553
23738
30507
6158
13554
12046
8209
31221
17583
32190
24454
18752
32014
29731
26388
5795
31744
2103
9561
25745
3904
4509
4351
5725
30434
20961
8174
23200
13871
20992
16063
5338
26288
14635
23668
2652
16777
200
24167
22117
21257
10682
4225
27019
3198
22242
26028
6236
10318
28901
7307
32070
5187
14128
7272
12724
22055
25146
7790
8826
7825
15113
30488
883
32254
19448
5097
9832
28707
3767
350
14644
12674
15251
3361
12070
4924
7672
22655
22951
16678
4660
28444
29725
11806
4221
13797
9999
6816
26934
17991
18057
27028
5742
2462
20418
14186
18090
10481
27132
26473
1252
9436
28332
6980
8659
10701
15579
18671
17005
29812
23500
25264
14251
23156
12511
17785
908
19295
19637
24949
12124
24033
5013
20705
22326
15675
17678
20765
3784
2803
9950
20995
854
2250
22291
3959
32513
7919
2416
26943
12618
4722
13330
27926
24786
32763
28500
18171
27235
28348
3311
3023
12596
4004
10854
4639
25705
31958
17057
19775
15834
3417
727
24216
7701
4369
26290
20802
10662
2286
24494
13270
19350
12131
3011
1149
16689
25882
16195
9037
4876
21990
26117
16086
8007
27129
32707
28407
6416
22359
15297
29175
8552
26506
30639
16336
23850
17815
9681
26574
11337
26674
24157
27737
26201
27694
8229
4367
16465
29495
1141
20247
16271
23235
27199
25521
24092
24390
23669
11537
17458
32677
14263
18797
15099
13550
21294
11349
15516
21062
12472
7747
17778
8483
30789
23155
19099
3515
17025
16116
31161
30652
30387
17152
9714
31549
16356
10121
1596
17908
23877
5652
10455
19626
20939
8650
16410
29933
14108
24268
11379
1797
14254
968
26538
31785
29741
18890
13669
31986
22558
32340
15601
9231
8643
31664
28735
22843
8510
31621
25645
22636
29432
30633
32263
14669
14660
3382
6734
2799
6464
5600
4280
22459
32508
27525
14711
9644
27871
2566
22462
18107
23110
854
3458
3482
25965
31184
15486
15012
23699
5326
30841
13589
25177
9079
28363
25718
12652
25048
26398
15964
17251
5175
16754
23634
24299
27811
5476
11796
20769
28368
22191
7166
22079
17954
8947
11715
30075
16904
7349
2402
21548
27787
30631
24150
17455
28455
6698
4365
4489
14809
30738
15004
21325
8313
2729
20657
17345
25162
2550
2505
25532
20432
19263
20899
27986
737
26828
25076
22963
23807
5870
21340
32337
16357
19008
15001
1345
13408
4909
9723
17636
29536
21170
3863
15046
1359
11365
5312
11718
27553
22967
4403
15224
2221
17014
24722
21703
14779
32406
27540
28127
22366
9520
19066
25930
4100
3275
5189
26200
20683
24795
11814
19141
12438
12423
12086
16278
4449
23215
11367
12612
27601
31534
186
17180
30991
15708
26035
21990
11991
14295
28683
25029
16844
13700
17572
10078
8719
4048
6594
31804
9743
32316
22647
13939
22435
32536
29279
31620
5974
15758
16270
30337
2561
6371
30919
14706
1184
12538
8686
19958
27230
7194
30912
14638
12530
10736
15298
30422
32558
22488
23927
12213
6613
23128
30678
12088
4782
24557
5115
23642
28118
28939
6685
14790
12634
4447
32192
12608
4869
1623
31276
11841
14455
26340
29469
19425
15735
22655
19900
6650
29835
7530
21966
15755
5573
22584
812
28762
20447
10383
13171
9182
28555
1325
11260
19291
4356
30505
30735
4431
4073
6779
30547
31757
10571
1983
12425
17832
1029
2870
15482
27410
4939
19726
23854
13957
1926
20195
5471
18722
16735
25221
21549
26585
31514
32252
2324
3976
7206
4297
13338
5223
27378
15983
17997
20643
4354
8754
26220
9801
9537
31
28133
22630
12441
1868
12799
32621
24769
2401
27993
7384
23894
19287
23955
4626
29486
21376
26955
32405
2537
22728
25163
18767
6088
14138
14336
22859
1987
3526
11823
16781
17877
26945
27619
25662
26011
8365
30378
20745
5917
18107
28160
25284
24044
21646
6924
24659
15981
29122
10378
9417
21876
32173
5897
4817
3604
15844
16726
22349
27062
22017
1336
16188
3689
27812
25693
9441
3961
8632
12693
14370
9283
14840
7742
9774
16711
9137
15359
25698
18303
14537
18106
8814
15856
25088
19131
10163
18814
32630
31542
8176
22276
14958
19696
6942
11172
9297
10556
17560
20316
18166
19753
5503
1498
2592
10490
1629
18834
4680
21462
1032
32013
31901
26561
11210
18052
7242
22987
4798
18861
7415
8839
7293
13269
11922
19135
9466
20015
7759
12390
427
2668
237
6094
7658
15755
21052
23836
13978
31987
11740
23032
30989
20927
1351
21385
2341
13913
30481
1184
12986
4682
11119
6195
19004
10320
23031
10254
154
10929
23718
5061
11874
27088
29735
17389
23081
20734
8530
11659
32301
9618
14324
10701
20793
15420
3790
30200
5833
6294
28896
28578
14959
11004
13287
24865
14965
8350
6180
29251
9668
31187
21855
4416
12548
23217
31020
26604
9989
18906
31341
12593
14430
20888
9752
701
28244
14125
18746
24312
17661
15460
15420
9017
12453
8044
13157
9785
4720
19686
30881
6856
24641
30781
29313
2750
987
3638
7298
32309
13638
13768
21650
8949
21621
21293
8656
2096
1573
16697
22676
17008
6152
13547
16303
3021
28707
32578
6900
13411
2932
8529
16119
30467
20441
26262
4628
1577
13613
31112
7859
25902
2484
9839
6859
25023
21945
16504
2213
16782
8821
23817
21731
30791
10291
22866
5568
31174
10162
24101
20377
31879
29387
22023
25261
16478
26707
2439
1569
11624
26435
21966
29767
24385
32022
12664
11295
28791
21363
29602
27678
6719
8460
4420
18991
31847
8646
17602
3320
8588
23066
21437
10846
5005
10683
26415
3915
5183
29049
10679
5294
20067
20581
8241
17860
4821
15414
28810
23447
30214
30955
2770
4548
25003
13234
26771
14464
28343
17673
22114
10205
7047
24099
31667
30794
12893
9613
5362
9305
29712
1809
5071
30662
23298
15067
6617
28596
2641
18394
334
28729
15698
1385
26673
29469
19259
24623
29086
5087
4895
26179
12635
7417
25632
24212
30127
31333
13792
28553
25463
13664
17720
6372
6262
23918
26925
1260
18413
670
13343
29899
1387
9487
13636
19509
12775
15795
28245
74
16140
17491
20871
28094
15572
22228
23485
23095
25944
26040
7932
9462
6887
2536
20767
27322
3157
26544
13004
8417
29589
17163
25254
27601
8842
10529
28868
13462
21019
21262
18019
16844
26502
9701
13783
22464
9206
29684
18120
9170
29271
25418
4762
30494
18281
7543
17709
5211
18451
11411
5575
5378
10747
10626
19534
10675
595
8053
9915
14806
30454
18612
13003
9854
1459
2204
28663
13458
21992
18147
19879
25134
18515
4132
22947
11079
14630
8087
13002
398
10329
13855
5126
31639
15428
25227
2943
32571
21101
7957
12815
27451
4767
26671
30455
1061
14396
12416
21456
10364
1491
22057
31940
4115
5877
32076
24829
6842
1093
29647
3934
29212
3535
605
21361
744
16283
20142
7841
4399
17537
13065
4522
27662
23358
12039
14925
1164
8648
21913
22856
27589
10975
23628
17541
31817
4581
12236
14738
12991
239
12711
13393
31182
23836
852
7665
27965
3366
628
26652
22616
3638
23127
26738
29590
19197
20162
2103
9594
26880
9200
7240
19127
51
18390
31060
18839
28874
8364
6216
29853
19276
9384
24331
106
32489
7949
24940
4317
16909
18020
11865
8574
26933
2057
32081
19741
8194
11498
20507
14518
14475
15244
23737
9624
1272
15183
21400
28358
28493
15602
22025
30110
17283
19545
12533
16824
24541
12174
12235
22545
16249
5895
7102
3433
4902
8999
15150
22505
23669
25350
25955
25609
16147
12405
32385
28849
31829
3389
28600
13982
19733
26024
28604
24328
3517
23619
12149
19842
28833
737
16119
16673
10898
9443
16052
4320
19887
1719
12528
1859
18047
16031
32630
8507
12093
2740
2442
13386
28019
18474
19998
16359
19915
28629
1609
28196
4641
15340
17396
1934
9692
23310
26839
24149
27775
21634
2468
29869
24187
451
4481
25203
26696
16700
14780
15892
16307
18000
10682
3243
9082
10909
21297
32105
14614
9346
24215
29754
31960
1758
15323
10149
30775
28187
11090
22004
12905
15980
21236
21910
3888
22354
13256
1217
4087
8293
5021
23644
11037
21329
12027
10779
11665
10015
18265
13804
23199
16566
24976
22162
15881
3233
18576
14735
25690
26130
10322
25160
28023
12071
21774
9316
11639
15981
4781
7541
20404
17827
28801
29146
12322
5568
3380
20708
24288
25655
22270
1079
525
30073
7195
3699
2525
20667
32637
7444
27372
24826
9662
20887
21202
10045
11864
9695
2807
25115
19736
28630
32169
20092
6096
18519
4459
26020
23629
22860
20112
15469
4744
22291
777
26579
16160
10535
22652
2742
23048
1532
4246
28892
3453
1578
23457
23350
24892
29390
32089
24932
9713
21293
13307
3194
13554
32155
5536
3845
22573
12188
22473
15945
28256
29000
13627
12493
8072
18420
26125
9754
13723
31758
24063
7103
28025
30281
17677
13208
21536
30714
24132
20304
1056
12994
20693
1317
22352
878
1896
20971
24766
21531
6578
11348
17132
27038
29770
23918
13881
8227
12984
17005
21405
23315
24527
23467
30617
11324
4158
19693
20846
30252
2913
13032
29326
3549
30301
29188
29264
8088
13675
25183
31207
23315
30580
32021
19605
10973
8159
28351
8220
31483
679
13113
22902
21204
9904
7849
453
17994
603
30652
1933
554
26200
1843
8225
30662
2747
16543
23899
27616
29266
26728
19344
27850
6198
23316
11203
29644
7073
22982
7705
13766
24063
5
20621
26390
18248
18111
1509
30396
9356
14478
2277
1212
21712
15161
24514
6084
14360
4734
21466
22031
5317
15
8609
17801
26401
9434
25823
22324
20281
1933
5401
16842
4331
25690
9804
28580
23103
10744
8674
986
17403
18410
19422
15020
16497
12803
10330
10529
27804
15658
30003
8173
30571
14683
27651
13720
4957
27886
24655
15325
9806
21788
3586
9297
11153
20415
11290
6213
31806
4697
6050
18412
29133
4696
10976
13505
5860
17048
5327
31523
23150
18986
17616
24386
30957
6228
16028
8511
4113
31192
27261
23695
4233
4985
13758
30369
537
26044
5983
24768
19949
15852
19726
12602
813
14432
25683
22466
18897
14337
25611
28947
30647
30470
10775
32214
31730
5378
20821
198
5222
17953
13263
18450
402
1966
23859
26114
11436
32217
388
7390
29683
24248
19470
16908
4417
3723
6815
23672
20191
20804
30964
569
32414
13639
28786
14705
26403
7022
23
24692
7043
80
20655
24877
28944
27331
31051
13246
1906
9119
26607
29799
5881
6853
17035
4265
31025
7520
21548
20395
8119
16747
23156
14812
27980
10868
18248
9178
9512
2975
19144
24723
25744
2797
14724
24234
23211
27070
8940
13596
12946
5781
11273
25379
25510
3100
619
18266
23590
8552
31587
4642
14849
12157
13170
14149
1512
12309
16896
8922
9384
14749
21841
13673
29367
31873
19126
19279
15884
9641
5888
21347
4660
19012
4922
14553
2723
16580
408
9319
8008
2857
24234
22695
8036
13955
21205
11709
20123
21426
22532
28729
22604
28017
26523
10047
3358
8083
17581
1509
7899
13195
13934
3036
20098
26162
18155
6483
16535
15045
23032
31256
27582
32557
12394
11264
21896
25988
11143
25738
4493
22228
25787
6591
14011
25378
28045
4700
16109
29355
19408
16691
1215
7277
1566
28623
21409
17897
21634
31831
15915
28712
18805
11956
11953
22012
1804
26870
26134
16264
21615
14068
23781
12034
10125
307
15005
19128
30478
26378
22349
10321
26761
1027
31585
23894
12024
9347
20924
30961
11625
11694
16391
19188
12790
15493
6472
7196
23798
16465
24246
15256
2165
5189
716
1477
17378
23647
25244
18492
14344
10639
26982
9998
1856
10523
4713
26446
32228
25410
15609
17104
9990
19744
1746
10545
6498
12753
8364
4631
4242
14041
20751
17594
9857
32707
6505
14500
16674
13577
12638
29621
2146
29236
19551
2409
30811
24388
23934
8030
25546
31058
19840
6928
31427
20084
22324
23783
10659
12513
32260
11381
25671
9558
21194
14840
12667
4280
31461
22823
2741
26874
11659
22827
25604
27969
7008
7659
28739
10566
29768
24204
30098
18428
32634
11576
17927
31092
31191
11295
12448
28669
11897
5052
32380
14479
32142
28250
20555
29290
17767
11478
28676
10746
25036
30886
27350
23294
13715
26394
1888
24041
29297
29154
27684
17544
4879
22737
2617
27110
15200
20705
8257
14701
29491
9334
27035
29005
28420
10471
19930
25634
23320
11578
9333
32209
23753
17967
24767
4018
15902
7041
14874
10229
30622
6760
9320
30782
3174
12642
11459
3987
27770
31027
3694
27512
20825
28458
5131
9304
18644
9383
6414
14631
25119
2010
16241
15942
12585
10701
11690
29607
7209
9637
26842
1585
10105
3365
8007
102
13224
32371
30476
11843
25035
18207
13583
30823
4627
14433
20532
31352
12453
4258
17616
22723
17573
7742
15457
6434
30100
32649
23932
803
31453
9232
22534
19302
10666
29473
423
3655
5372
15245
5756
23997
29691
20652
29196
26242
17035
30882
21630
28789
20511
4065
2057
15932
12498
1519
31403
4141
17588
5994
8222
20079
18785
26953
12296
7772
10713
26980
5234
26410
139
6199
7291
2507
32691
8162
18253
20497
13286
23669
15185
22294
21739
14699
15775
30939
6349
2164
15801
31023
15662
13688
18808
31187
15070
31704
32070
31195
22445
247
17550
25687
2685
30713
32369
29235
26011
13002
23227
25436
31567
17506
789
21284
28849
6216
25724
11240
12991
9045
11505
32240
429
4539
20850
15766
18044
5702
12330
11435
26318
16097
8933
29462
2809
29275
5574
10942
2650
31595
30268
25259
29164
17650
3634
23912
22808
11137
8070
3755
30927
2075
21437
7223
14551
22588
21493
26114
10082
10009
7450
22931
3813
7210
25693
5295
7719
21222
8162
6964
22169
24526
1977
9285
13541
9900
8976
17063
18377
26141
13735
27755
10534
7245
8580
9678
3412
10498
4327
21341
23737
20700
31872
30557
2970
1499
25056
24169
9264
6433
15918
32605
14079
14841
8475
4723
9571
26137
27671
9132
31340
12068
4550
9330
17899
31091
27053
16507
11725
6165
27698
31216
10664
27156
27331
20687
7316
23802
6229
31118
16700
30868
30224
26369
7221
22518
30792
11133
26766
13247
30640
30014
12968
24991
17098
10758
5447
27926
25506
26119
19690
11646
28092
25091
5464
32075
26699
1202
1404
30354
10403
9060
23922
22728
12529
13799
31458
31693
26410
427
26509
29736
14401
36
13861
19605
31645
1136
8546
30909
10954
25658
8530
25924
16751
10206
27377
18696
22912
1485
3577
7080
22452
11572
9467
21828
15418
9176
19375
23428
27560
15172
20361
16348
1076
24871
20108
13070
4902
20216
14435
20976
16013
23771
26030
12143
14129
31688
14746
16340
1738
6890
436
2374
3695
31813
2047
15760
18769
15516
2883
8485
10153
4754
4521
25441
5615
2319
18821
19474
1101
14565
27763
25143
595
17844
22693
28680
17132
8715
21627
2102
7313
24271
12372
28787
22972
2529
15013
5429
28064
24571
14920
27319
24855
21979
25366
24385
3036
15524
30903
17066
28154
1409
5049
18203
15748
26763
15584
32533
31879
29421
21181
31926
11069
16453
28034
30264
27267
25422
13589
5050
8845
16829
23907
19011
473
26472
15607
26628
26721
5293
12747
13789
4885
3090
18526
21027
7048
25385
22790
10401
8170
23223
3976
11228
10038
532
4326
13212
5548
10709
13176
9383
17794
27049
32062
17872
6103
15745
23669
26160
4584
32244
20072
14516
23174
14305
26761
2264
11208
10070
30656
11441
3325
22960
10755
22577
26852
15108
30247
13735
21536
4798
13814
26501
6118
13192
9857
22374
21753
25198
17080
30287
21208
14655
11319
21045
20277
2102
5731
9408
25002
31449
26550
16207
18344
1058
1367
30780
11440
21981
31982
32097
17093
26449
182
12251
16161
20258
27092
27917
3879
29814
13543
26856
22937
23383
11488
32106
8203
4185
14356
4965
5271
30588
31631
2178
30675
595
18603
13957
4864
4454
2274
32723
8836
1238
7137
1329
17563
16447
23517
26830
16457
9698
15402
17028
14483
19716
13834
10587
8174
30609
30659
30287
32760
2821
2548
9299
26982
4236
24360
29077
8253
104
428
9732
22598
23700
21406
8976
5563
24231
5447
8368
1607
15610
9643
15274
26158
19213
12637
14607
17863
31015
17304
8964
17203
30525
28044
8904
3145
32533
30710
15347
15568
2476
21235
19708
27889
29652
14358
30974
1003
22049
12984
24252
8969
5126
655
16610
15570
26172
3203
910
11391
25699
19900
8974
25010
20972
1280
2028
29796
12854
1596
23591
13599
26615
27744
17860
3438
25566
7536
10885
17555
9847
21720
24825
31863
6478
10241
29365
31463
855
14625
21472
4860
7309
3159
13301
17115
1242
13047
19396
22943
8759
16675
19642
14740
10772
16795
21859
2726
23034
7125
3885
28953
9071
8273
22895
7290
20250
12071
9641
17109
23335
11490
26894
23592
6381
14736
18239
12824
19918
24090
23130
6115
23391
9170
15411
24214
13001
19019
13537
22912
6000
3949
12925
1766
29906
15816
28198
12536
19377
29993
25160
6916
31348
24939
30238
3818
25803
21392
630
24272
16018
28945
5045
12054
32248
28017
3354
7308
14560
536
4423
4835
29063
6239
21501
26466
5735
23016
14631
3034
14684
6960
25882
28124
16902
21607
8731
22057
8046
7295
16161
23658
15596
23171
19421
17186
15944
8490
22008
20448
18207
26796
2972
29625
20872
6868
26421
22517
22520
9558
18553
8969
22115
1636
7846
2502
26276
1916
2058
207
31775
6788
2761
8784
677
3352
19163
7149
25752
1571
24916
14585
15439
428
14568
23785
13499
16115
5038
520
23883
21693
7716
4204
29966
24556
13172
8488
28952
82
14069
451
16934
6087
9973
3049
7557
32633
19638
9569
19759
10116
11702
31807
19256
21699
8755
21339
11368
28901
13551
29441
7722
8387
12337
4586
31652
5360
31756
19051
15912
18578
12771
28653
19659
8817
2349
22685
28499
11342
374
28517
26711
21622
28070
8730
31393
28055
17542
32759
24023
24785
23168
7242
26203
17936
26791
2413
25711
22170
1271
32760
32413
28132
28637
1589
2902
3242
23290
11220
11737
4670
3364
11744
14934
8225
1965
5874
9555
23504
4328
12197
592
736
18410
21321
21926
1357
9614
31964
15797
6672
3772
8246
14142
495
23530
9091
270
27801
31202
3318
25309
13298
1990
14524
23413
25004
5714
11055
31255
13079
27746
21325
26394
3898
29876
20840
24533
8994
14574
5662
10687
6266
3555
28044
16597
6748
21778
19135
17724
7271
30575
26475
27688
6162
32103
3040
30716
13375
26654
4921
31667
2836
12283
32727
28030
518
3174
13326
19630
26678
26832
8989
24277
20225
10996
3684
18472
20690
11869
8913
808
14907
6441
2716
31618
18757
28172
18228
20531
30468
32664
26489
239
32622
10427
28203
2756
7021
28297
31906
14331
8498
28475
5568
10047
32461
17016
3365
19969
17146
11988
30369
31258
10302
22679
10735
5810
22067
19903
11936
14433
19744
4936
9301
13461
12237
6058
31537
18484
24470
11940
4238
4482
7869
31288
1007
24900
11525
25847
22582
10022
4732
4478
13592
32090
3224
25409
23757
6018
20869
1159
10764
6352
7614
3510
10806
5483
16347
12753
10194
17173
5801
5183
14649
7436
13696
11214
10130
32557
8913
22263
16897
31839
25855
1380
28956
29743
20848
6831
7839
11192
20963
28269
17760
28102
5124
3435
15749
30267
22333
8247
6388
11441
19664
6882
9227
29280
15907
6661
24210
1858
27994
4354
237
19062
25643
11660
24982
23011
9454
5226
20171
21789
29172
23415
12420
18316
7962
25838
1704
32203
8606
32740
6016
19022
21041
29206
25196
32072
5453
20197
10965
5067
24008
16287
12130
25137
15786
8448
24943
15804
31036
6649
12475
27001
20577
4015
16224
19050
29225
6855
4617
9955
20132
25057
4191
30005
15092
32098
27076
32138
7078
18551
12868
21264
2371
17239
19400
26714
8993
27336
28557
17155
1151
10468
27605
4756
4049
17181
27101
11943
1113
27007
20494
16461
4599
19253
5239
6830
24386
21583
4987
1775
13783
30914
16071
1881
18674
12464
14472
21943
19003
2538
11994
8447
16610
29364
2947
20021
22253
8648
19425
16525
4305
16285
5409
27856
9024
13544
22706
15360
23363
16996
7417
319
19592
17870
15943
1773
14845
20532
15368
30481
27806
29040
26173
8954
27786
23792
32556
28198
20573
19384
9557
24674
5818
16297
6569
9011
15911
3075
13815
28277
3870
18217
10151
10306
19552
2468
17066
15381
15757
7787
177
27951
18418
2145
157
10298
2466
288
6711
6189
10952
21749
23074
623
22843
16427
31246
11839
8787
12685
10541
23379
7932
5670
14571
3007
9736
4683
474
9497
30922
19420
5355
11483
7648
10694
3300
9224
24144
11468
5134
17939
6359
17800
29230
12028
24445
19372
14007
11452
4973
31374
21310
16355
29444
5860
14894
3968
20008
8651
21949
21569
21723
15631
27423
32475
13327
9382
15865
7596
29884
24957
2072
17823
20785
6520
6499
593
29864
8372
13326
4466
22812
12303
30993
28013
14175
25834
30937
27467
15719
28205
15421
28628
32488
2700
22963
32760
21545
15369
27332
12398
6928
21690
30141
14491
3710
16589
8104
11445
10211
12745
14970
9000
16137
3862
910
18745
23604
20416
9810
10985
28781
8568
22337
12828
26651
220
6929
8442
19411
9976
3629
2966
25457
28684
16485
5325
3944
8079
30948
29298
19542
9589
30307
31912
5340
18606
32669
19598
5548
23279
22531
11810
26595
22964
27824
26975
17818
8326
19871
9897
27831
4217
18204
29291
9225
20730
12152
9215
5781
3527
15617
11214
31018
22079
30769
3256
11836
476
7718
1206
23535
15870
1874
10429
10353
10474
26228
30694
4237
7698
29639
10701
3197
6039
22649
15414
30464
18700
28254
1015
27309
22397
10214
17682
2439
21167
13389
5665
25297
21418
13329
4855
27428
25717
4521
8836
15038
5409
21108
21497
1565
25096
29680
5933
1229
20311
10540
21567
14974
24010
3200
9854
22105
15543
6523
16005
7316
23886
797
12202
3652
19231
14918
11418
17267
28125
14447
30525
11123
6241
25240
2016
10097
2289
6273
12178
13133
16067
17437
14798
4266
18621
32068
20827
10305
29055
5544
11377
5498
27811
8458
17437
4157
26947
19886
6886
10501
11708
8460
22193
2871
8370
27848
12770
14771
25429
4068
1988
31144
24802
22581
43
24492
30572
6163
7768
13068
7644
17493
14108
7008
11063
11901
4673
19555
8991
12079
15141
9218
11165
21736
17576
28339
4125
27372
1096
17928
30138
27776
2187
15748
9404
14426
20126
20909
2911
6230
31547
19810
24023
29034
6863
6511
30608
12252
11485
10847
25018
17330
32413
146
8965
16747
6378
28303
15529
31468
17755
6554
30890
9405
28335
26762
27994
23413
24686
21717
23071
7539
10701
20973
16758
3279
10194
16079
25656
3472
31418
5592
541
5152
27288
20187
894
14333
32574
10098
28767
24240
20320
17809
22700
4867
19191
26721
4547
23663
1252
6987
27955
10964
16342
8018
19651
10861
17005
32423
14263
5122
13984
32375
21838
19807
6236
25352
28815
28166
30573
14852
26949
31777
4258
7957
13897
30138
556
11953
23807
31278
8008
6968
547
10207
10014
6204
30662
554
25320
4127
27795
29593
28502
22500
8279
16473
13617
21823
16833
31982
21824
19182
22886
23845
2920
16204
26119
28490
19734
12580
3607
6044
9954
3779
2680
24574
7532
9041
11910
28655
5514
28257
12630
16572
1958
6598
7231
25076
609
424
666
25117
16508
728
26311
12197
22009
865
28785
1564
14461
26976
22546
15264
9977
29717
11193
664
13449
11065
20747
29605
31389
22674
26759
29653
13910
16326
30223
19226
21811
2157
29348
32507
13548
3689
11122
17802
6814
3194
4620
9366
9513
21773
25080
4385
16086
3413
16238
8980
21054
7837
13149
12594
18023
20957
10415
26955
1583
18827
20174
14514
5870
19891
1383
6385
599
7754
13678
5306
6047
16320
15202
6433
18402
30164
18130
26377
8642
24748
21280
14556
12369
28709
7557
28800
16689
8552
15445
24966
22009
15038
15236
2980
17627
31141
25194
22885
19588
26403
1731
14111
8004
18010
4346
5670
10607
20829
5543
12351
5891
14402
10326
8023
23690
5752
19338
7541
18242
21083
8705
238
22652
6918
17722
18648
28738
30824
25909
19904
2876
8603
5498
27296
6101
3440
27484
12811
9881
29007
20863
939
31201
8766
13464
5613
14515
3135
28020
18427
18660
13279
3132
20459
5247
30220
26871
6453
15979
31271
7504
26475
2631
2650
19353
4388
31641
17964
22289
26426
28712
25426
29026
7221
14758
28872
8558
16390
31378
20513
10059
9209
19037
22812
24972
15077
25804
23415
6083
18853
26781
29448
20036
31692
26989
25097
1835
12437
22745
26036
5280
5145
2788
14608
24665
22725
22936
14858
19553
9482
11249
25799
4376
2390
25590
6457
15484
4676
30761
24304
13990
19216
15393
6963
28567
17485
7286
27984
6709
29402
20957
9520
6289
31506
20372
2094
32107
15427
28929
22569
18168
12385
10902
20696
14051
29692
16887
3934
27537
2672
20831
6175
7849
12892
6720
28369
11476
24149
27433
29910
19137
9691
7405
457
2925
17035
27394
27223
7073
28055
11047
26960
22204
12660
10313
7933
6322
978
9384
6837
29013
15313
18230
8875
7379
14450
30783
11786
25984
19275
29007
17732
21206
15232
1105
15526
18874
29934
24052
32049
513
14249
18259
20389
30003
23465
10964
24030
10895
31936
24656
24163
1103
8911
1141
7741
29229
14906
24425
23813
11557
28825
7856
12097
24701
18865
26192
23281
25603
162
32051
25188
27542
2401
6348
12624
20455
18025
3070
8226
21633
18094
23865
16787
3847
8147
2022
11900
21437
14492
27909
17387
19274
6054
14100
1910
5565
2646
13619
9679
7885
14351
29063
16281
1893
30120
1756
30842
18528
27933
31118
31858
29329
28036
6057
28523
12294
30531
9295
31505
27277
22657
21082
28387
15224
28122
21059
9866
2206
23383
30531
10858
29346
20893
14263
15992
30840
13156
3273
21323
29732
12075
30029
3445
21701
8490
8169
22291
14803
20873
121
12195
21413
25295
21681
11798
11574
1181
23556
26918
17192
16028
18117
14826
3081
26548
8333
3240
21974
7551
14812
13290
7357
20477
21763
29140
16167
13705
6721
11188
13046
15115
5932
31707
8203
17520
19794
5548
1036
20823
5153
12274
17252
23053
20996
26999
19339
30908
20687
23506
10887
13023
12637
20608
16307
30457
17015
19510
27071
8839
16120
25718
22008
9267
14127
4961
21705
3658
10629
32204
22402
11632
3680
24469
31577
30611
23367
4663
17839
26397
16710
24989
30100
5742
10900
9012
3724
12169
15219
17220
147
1037
23128
15488
4448
24936
844
11740
27367
30023
27282
670
29473
22096
12938
24760
20751
1300
14549
20821
17149
31039
16058
22450
10756
3858
28872
27183
28370
26900
4541
422
9134
6660
19623
13051
1974
11025
29257
1780
20331
21070
9664
1099
22128
28000
15463
8194
7823
5241
21751
2039
16381
22923
27123
31672
11999
1973
25411
10136
31244
30466
27422
13827
26389
18514
2606
2830
3971
7576
20207
24146
25439
8774
1113
9979
13560
30726
15294
3612
12768
23467
11765
23366
27960
5735
14264
3928
24365
3902
30027
8600
32195
4282
16734
4867
21202
5857
6965
19426
13133
14692
14342
30622
31690
1561
17315
21205
30271
24491
5208
8109
19722
13457
22039
13417
12085
8764
28882
22586
2551
22677
11817
25175
31614
20902
25157
20303
25323
12695
7172
16542
12703
25309
8278
6783
25013
17070
13543
13314
13775
29112
32254
19806
9750
7442
29605
16520
7804
21363
12810
8197
29253
15010
10533
14332
10437
14637
28571
9615
1899
26718
15586
30827
31998
25195
20134
4766
21031
16621
15724
15018
17200
24467
1142
5079
26379
14104
16614
28877
1942
25714
27686
13409
20253
12365
5510
13488
28448
10935
24359
21610
9303
12061
16921
18033
15348
25718
24000
12195
32296
3518
22140
6899
8680
16038
1928
29631
11761
18570
3107
31326
27402
29603
25582
26360
19337
22654
13974
11930
27672
28076
31410
7817
4537
7612
1007
16855
18696
31078
15466
17717
2752
23049
3421
19720
2433
2136
15102
29119
3281
15183
14244
22115
32096
877
12844
3439
1680
30237
25499
16355
28980
11637
24580
19092
7064
28706
28333
17862
12995
5539
11629
11004
4344
31414
856
3343
25987
6672
9887
5758
2482
7505
14769
16901
10017
31287
17318
369
4922
28690
2014
18098
1021
31096
229
9010
509
1593
666
29029
15275
4501
18321
15522
7639
26797
28085
23345
21876
13624
9778
28325
7836
8311
7314
15979
1236
8811
22821
8356
30864
20805
8871
25904
24058
17694
8989
30475
30959
25576
21504
10205
23114
10661
30109
22988
12902
16599
5564
31637
11486
32567
27008
2779
14743
6825
32398
4287
26369
10864
1905
19632
12697
18590
18238
388
27827
26575
24691
6344
10358
12567
2853
4181
14632
32313
30299
26148
17324
17434
22709
30308
29512
373
29777
32713
15532
1487
4590
16934
21040
9390
14162
27454
11614
10502
7402
17880
20912
7412
9905
24337
11418
14766
25682
5622
14027
5051
23697
18770
15025
22367
10215
6085
25659
10586
7788
26134
32226
32722
7419
8138
32490
1933
9616
26102
20197
26979
24308
8273
25210
1011
14237
9357
5476
28054
12239
26600
26045
21137
3848
28414
29821
911
2203
28641
28478
18510
5019
23147
18242
19096
31226
15059
22966
11637
25330
10879
27960
9375
23716
17177
10392
8246
10496
18405
26331
24757
20964
31058
3206
1829
18568
18127
16921
30096
5145
21215
14297
5049
21412
32112
22226
19466
5942
26729
797
21710
21570
10882
21343
6560
31042
9304
24978
22819
25761
11201
6408
19188
17113
348
9644
25053
6105
17517
26764
32332
30633
22760
5524
9475
12880
29644
24220
3600
30454
16818
20390
8192
12870
23462
16480
11088
11286
32309
32497
31268
10314
14023
6129
2107
3829
31536
24505
30499
24514
24449
8414
4777
29843
24100
5112
31124
22375
26152
1192
16019
12161
9177
18393
5491
2503
14228
26437
24725
104
20185
9787
12960
1473
21410
17312
6259
22146
9715
7477
16222
22284
5043
6167
19345
24606
698
29324
29396
16049
299
25340
12153
27424
12292
10302
8079
15244
15347
28438
25689
5503
22636
12539
5631
25295
28920
28701
8066
19910
1232
29862
5877
2175
24746
28480
26091
9107
10963
9432
22060
14326
30078
1954
22188
26651
19292
24926
3261
31839
27244
29401
1411
7844
8469
11446
7080
31036
370
25966
25938
15626
24301
12438
15954
21219
18959
15201
17055
15418
32406
21093
19714
26365
30664
29858
19986
30906
7944
6080
3939
21766
18599
408
14075
25375
29436
23286
7941
22224
31671
24477
21962
149
16242
20364
23004
26880
22409
1408
26260
15195
27180
22202
25791
17295
16562
8194
21397
837
6192
9196
15851
8778
24651
7770
4009
15928
23626
12610
24445
23891
23152
3762
209
2225
30088
1041
29179
20894
5313
19111
31412
17982
7612
16736
3788
6516
3300
29644
18716
515
26622
4715
4795
5363
16128
16424
19061
7991
12071
22819
120
17036
7236
5811
6737
22948
5207
13484
29463
26500
4446
31709
19430
5675
3439
21981
8335
2164
7429
19976
13454
829
920
9156
27709
12745
30320
21001
17991
2403
442
12320
2398
4164
17372
4010
31281
2999
29446
31717
11672
22907
24841
11000040
19218
30825
29037
3003
21362
1110
13757
188
16341
10555
9254
19583
3287
20884
7233
13061
1543
5125
11820
18369
26008
9283
22495
1438
7257
19250
11453
10308
11000030
10827
7018
10903
3360
20033
17885
3713
17628
21732
8118
20978
14552
11000002
18129
13605
6899
8475
18971
13860
12445
27237
21156
25998
25740
12369
25334
30872
8368
22621
8358
15442
1130
12476
23592
20012
19193
3323
19175
15800
30261
5604
10133
31665
4479
20643
11456
14909
8440
8487
7591
8815
4337
19403
20811
784
14755
14902
29641
23711
19232
1919
29158
28310
13706
6037
17132
10735
24963
15839
1205
11495
19684
14111
7685
11266
24498
31388
23325
27727
3406
9856
14476
13037
5611
2943
20553
19918
31813
7097
7423
6587
913
16610
1960
10648
18863
23968
29533
29418
20903
32308
15212
9110
4691
31837
22444
1259
23897
6777
6925
4067
12893
23022
16499
5798
21108
4296
14789
10064
10203
676
30016
3060
21993
204
3346
3041
1346
21923
5412
21028
16462
32580
31543
7502
29673
32102
11570
7287
26716
13955
31162
7554
18060
14393
24324
28835
32114
22256
15335
9503
7115
28861
5942
851
29201
22406
29004
26616
4265
9831
21480
25765
30302
1621
5180
18837
782
9729
31552
31915
675
26879
18508
16819
25669
4648
16870
22507
29135
27965
18649
4290
7039
15309
8583
17375
11249
26968
26495
17509
30798
19124
24402
15222
24769
27824
6819
3062
13610
13816
8830
9105
21015
24632
7147
23807
2544
3204
6850
22406
11889
30456
5824
26561
20061
3483
14043
1441
31601
28297
26323
23473
11415
4434
27402
23454
4189
8093
26261
31734
25509
16657
1939
816
8350
24181
19901
1005
6643
8213
7999
28285
22082
11112
8135
23461
16335
25585
32219
29855
31866
13155
10863
7267
494
7432
11959
15909
14876
8291
5178
25887
19432
12053
4904
400
23585
14845
31469
32517
23223
6563
2310
4055
12328
21975
8723
20981
24380
4245
8494
12515
28402
6188
12668
10499
12474
25759
26113
20500
14052
1100
953
18168
3929
15307
12772
30906
5769
23833
1185
19151
30372
6646
5566
8860
9997
21899
8143
25657
12
14672
20349
20085
14019
4397
16161
22554
21859
13024
20626
29298
927
29854
22842
21769
13153
30461
21616
14005
1468
17937
4098
6100
31779
5589
1808
469
18904
7629
24353
24570
22950
22506
15216
21851
23507
9902
23175
13359
28753
9872
12815
31303
16692
11938
31975
30427
8553
17521
28531
32137
932
1837
1591
19099
23962
22026
8868
31881
19313
13797
27185
18110
1908
14891
7086
16799
2572
29943
20181
31690
26091
12922
21027
12443
13451
928
6886
18421
9943
23536
31638
831
3624
18101
5224
31660
29042
30555
12833
21952
704
14619
3880
19984
2269
475
10976
841
4436
11343
11060
8563
32411
7525
31860
21111
18060
22752
9055
6111
29972
18754
30081
29150
18223
16112
11199
30608
29204
27281
816
17538
27308
22199
24622
24437
16713
9409
10157
32351
26005
4352
17100
19379
26313
536
170
4322
1055
10153
19067
27170
8585
27695
24027
26478
29859
15911
353
16078
32230
29812
26488
29656
8735
20992
13162
6263
30752
27814
21694
2795
7862
31568
11460
21777
11995
20316
12910
4325
7724
32069
2145
30277
9629
30847
14668
30200
107
9890
3705
1518
5970
11723
13474
713
27649
575
8965
19101
22731
30546
30906
29940
30879
22408
17477
19478
19258
18425
26984
27527
27035
31482
6459
10192
24247
30201
4222
9090
30831
28329
4141
13689
9407
864
17493
1118
12088
21181
3367
31599
29360
13965
24138
31875
21304
9711
10358
29512
5198
695
319
11728
24404
22033
32046
7756
3649
16487
28694
27159
3735
8324
1957
27126
28821
13817
29754
32670
30381
17087
5110
25718
14648
28703
21526
21919
12905
31439
15488
16690
18047
27230
22939
22728
7231
22481
30820
11584
22946
1935
26815
14268
6347
23162
14858
29677
10555
23135
9720
28561
29000
26000
7581
29497
971
15823
11461
10320
15898
32366
10122
24665
566
15797
22054
24952
24901
23940
4869
23604
19010
20281
3871
28283
4339
20180
12420
22502
24859
22874
16184
17215
29170
25207
21570
18753
3538
3430
16128
4254
16947
27926
21693
12103
19417
3973
24197
12519
4940
22640
6456
26288
19849
28463
31710
25691
5367
17371
14394
20074
3740
28593
10658
23985
28561
29883
9742
15380
30387
8365
25966
7826
11932
5901
29505
16515
3026
18070
24163
9245
15165
19935
6950
15421
13535
4920
19365
25445
26303
5076
25173
17408
3110
11822
21213
5614
1294
27557
17704
21820
16856
3433
32440
22067
5949
24731
30269
23189
3719
7600
17766
3107
1537
22295
27895
98
13740
15131
7964
10655
27699
11530
1020
22833
6177
31127
11410
14078
29010
10877
10168
21057
22183
15717
28037
12170
13310
16906
5337
30726
1122
9115
1846
11776
17534
8545
9938
2728
26968
15009
6890
26899
12092
4548
13912
25220
21749
2741
11368
32746
5956
10379
2024
9385
138
28264
6270
5789
24776
18336
19007
18268
457
15134
7036
17084
27550
28164
9439
26262
19787
14738
26551
18377
24000
22601
22161
26753
18699
28240
19464
9145
32203
28950
25566
29182
28392
12857
27211
27510
7553
4519
21908
11042
32550
6915
32224
30560
5192
4682
1864
21428
17133
13238
12845
24519
18856
10978
1486
10160
24265
1328
2329
18803
20433
9064
32194
5063
13609
28321
20883
541
3603
21605
14851
14813
22752
19984
11785
27891
31588
30585
12850
17802
4007
30932
10994
16151
26845
18391
10551
4250
25752
1052
25924
3105
23613
29383
23485
6029
19124
23912
16638
8856
31332
22563
16049
15895
20319
13070
12192
14461
473
6874
19911
25505
23775
11446
1710
26561
21830
368
27126
18374
3297
29661
26161
31433
5623
9852
18423
16087
2803
3158
12086
2289
20062
31016
28361
13911
1803
31940
2636
25351
11409
3509
17967
2432
14334
18210
32266
20427
19658
15861
13616
9660
28170
12603
5511
6262
5094
6606
20631
32557
13645
23858
5856
25904
6632
10174
6513
21798
2124
12796
18870
27031
9331
30034
19346
18095
4717
5089
19885
24895
12627
30637
15376
14085
637
27902
239
23597
4340
15367
18373
535
27946
1478
30375
23387
4329
26667
20945
267
16266
11644
32134
15672
13927
2808
21015
24247
16787
12987
13889
31268
2248
15585
29627
15400
10400
11246
14864
12536
27656
4206
17323
9502
14834
4056
20784
892
2891
21176
28435
21646
32045
7693
14691
17135
21333
7152
4582
18719
32471
6007
31851
27779
32016
12249
5468
10669
8925
18131
22163
30174
10250
11850
7790
31177
1806
22833
11558
27034
1269
5037
3164
7735
30109
1655
5365
21446
4133
2435
1832
12655
26531
2527
26837
32355
23573
1757
7705
10269
6043
27252
28703
32232
27619
16612
30265
17825
9188
5017
5423
3518
7631
27474
2263
24719
16706
15746
11237
15556
9663
18678
29189
30512
32094
9657
18471
27084
6078
3125
20250
5119
4417
6042
9309
4124
633
1924
11570
557
17373
17624
6131
25583
6593
11758
1961
21021
23685
28150
7643
16113
28940
25492
22180
11753
9583
23246
27400
23751
17907
7720
11656
32219
32313
8973
5364
26500
23221
21873
27009
23797
32353
18101
18460
21557
24755
17355
28669
23913
10188
5786
3710
3926
29426
30372
32046
7458
10560
27878
9761
31066
8348
12031
651
10810
12522
13717
26509
13096
1919
4597
5455
14209
20185
18169
15439
15000
32397
10543
27897
8444
26496
2615
9591
22266
20570
13165
29130
16483
13880
29641
21018
21904
1442
17667
23370
4514
24508
19450
17872
5646
16320
14422
24260
10074
5291
18284
3894
26401
9015
28259
28101
28509
17418
28565
3693
13030
21037
24376
1185
18229
23999
23358
19354
31598
30443
31353
2286
24734
9495
14083
23908
10048
24158
22493
14343
30215
4929
7638
24441
7639
8857
14255
9610
20244
18896
16764
30985
13344
25937
21325
18907
5407
5437
25358
29513
26878
6752
32172
8350
30643
32611
7034
24562
29126
25155
5074
22337
8464
29186
29695
20416
5827
29852
15706
2928
31402
26940
20148
6387
24498
6832
31988
6559
16810
13850
7937
11729
4167
14825
4323
31619
27499
20744
29221
801
29862
28245
9085
13977
23038
15445
18351
1714
32235
13606
19374
23198
24742
30389
14852
9682
11939
10033
23925
4117
6236
32191
30431
25559
22353
17263
2661
14021
1101
24686
1996
154
8938
18814
21029
5176
1623
24996
27309
12023
29529
9248
17137
4669
9104
10914
31286
23375
3580
25531
2583
3430
6336
3474
9840
518
6181
18648
21627
13195
16097
22526
32057
5637
25498
24229
32532
29253
16294
13654
706
30520
2837
9587
5996
30068
6641
8557
23056
30993
24260
19768
11300
13754
30299
27388
15740
30979
8394
14
28013
5885
19376
17950
18227
1289
4540
15538
7568
5865
21360
28371
2486
4637
19749
16645
20839
2924
20048
23421
30811
17089
30211
1167
226
28984
6327
32614
8138
15737
13128
17143
26499
19013
3905
7479
11905
4942
31834
5772
13538
3148
17215
10626
19793
13901
13715
8896
3370
8012
32565
15674
18398
6
7362
20136
22938
27657
7003
6198
1315
18446
1448
3965
26885
31368
8732
13234
20460
2685
26235
17181
24658
8341
17562
25805
28506
7793
13415
6795
31484
16445
7976
3852
3939
31881
4104
5227
7059
5716
19919
26326
31055
5482
16881
1927
11322
6385
20682
17397
7228
14398
1832
15692
20263
26093
16650
1051
26011
2352
11687
7245
24359
16743
21682
32091
27056
2033
221
25280
16407
9282
13212
172
23574
9782
1579
28924
32619
23205
7122
27754
22585
28216
2408
9217
17579
12923
22038
20181
31194
14643
31069
16368
4593
14833
31322
6287
17807
30183
5193
27279
21612
3579
1097
24354
24896
32538
25694
13766
17632
14543
14268
12152
7338
532
3139
14884
6180
8296
21830
28769
18912
29985
25488
16731
32675
1284
7849
21776
26053
7699
25429
192
31195
4006
11102
24478
4244
10429
25235
25548
29409
28821
3345
29574
22105
19833
8897
26270
13531
3547
17442
30760
18293
1955
11337
118
10372
16839
1062
2887
24861
23580
31496
7739
26028
10604
18531
17290
17883
12232
31442
11510
5046
799
14424
766
17932
11792
21483
13397
6680
7421
23603
22930
14432
16225
1935
297
8414
21347
8537
30618
8798
4011
23659
24552
24871
8052
12001
12365
12509
9442
6945
26412
17830
13718
2585
3143
140
1409
6856
21042
23331
13301
2816
27656
13931
28418
7530
27484
4343
24831
8394
14962
26703
7271
31876
1711
18836
31207
26208
12111
21858
7348
9610
3158
15098
4386
1757
8649
28321
14707
26208
4893
8003
31980
29201
27376
12124
27951
2530
2807
13593
21956
24834
22584
17850
27129
17501
30585
4154
1260
10854
11768
2866
12262
28692
14940
14843
25322
26410
14828
19730
13198
6588
28159
8641
26122
26351
30131
25852
5263
23808
20450
23946
24794
29832
14674
8549
25608
4350
15148
14946
20652
27261
32176
32276
31519
17607
13094
7406
15383
6027
12056
11433
24955
3043
32190
12773
8566
29473
4026
27923
17355
6859
19974
28306
30056
8676
10794
13848
31293
13165
32434
24916
12622
18988
21471
11730
7943
25004
23709
21022
29136
14469
16309
29228
13538
2013
324
13047
9561
21551
8300
12649
23946
15180
15689
24699
19094
25503
23334
4765
8256
28852
4849
12888
16123
8444
18925
28210
16455
30922
16551
23506
7486
7842
3627
22116
9066
19635
23415
7231
11226
31650
29488
28613
18549
10889
31124
16267
23438
26688
24752
6587
19896
475
27859
28342
21979
31347
23874
26365
1927
12330
3373
20561
7049
21097
8418
26137
9916
3436
4929
30981
13090
3841
14192
14833
28467
18572
720
11276
26485
4687
13103
569
32333
5096
9535
27573
5653
5659
28486
5114
8558
8658
5144
23012
3544
4194
25155
531
15488
28944
21385
26768
32088
26580
147
30131
16493
26973
31971
23108
29046
30804
12043
22240
12712
18405
31004
4766
25554
26492
17762
17651
16037
23500
19278
14035
22867
18710
8372
24345
26205
4776
27447
7721
4261
5028
17921
23764
11979
21762
12215
4732
16566
25816
5291
30328
27505
13017
18772
24761
26425
5660
2300
7598
5076
24608
19641
14694
10020
8460
3742
1525
10747
315
19762
24856
14129
21495
25377
32028
12532
18309
1842
12539
24672
22115
2169
5065
13135
24013
6862
26446
3187
32133
18302
5621
22946
9428
22080
18405
25712
28876
17002
21357
4355
16337
4196
3237
32547
7768
5981
14418
16785
28909
4926
9739
8090
32635
4828
13722
5355
17864
5746
19365
935
11583
29262
31118
19639
5106
18890
23703
16994
17631
13950
30794
10525
17778
28596
4120
15012
7244
1564
17472
24393
30019
1986
30194
4492
18090
8252
14004
8173
23506
2344
18182
16638
26832
24278
26689
11708
2945
11585
1477
13855
24012
18756
31059
1008
32039
18954
28344
32731
11101
14023
10924
3269
27790
15525
14585
3424
18039
258
17888
26620
1267
25560
9912
31904
10178
18044
21976
16729
23946
10892
26039
30930
12315
15650
12114
14117
17911
8782
16334
10481
23826
5316
18783
20653
25302
11729
7016
11835
19818
27028
26084
1216
6708
15210
19460
12980
5533
18090
2585
20533
20500
3987
12981
1953
25685
14466
18189
23651
29419
8040
11938
21517
30451
28540
21025
13736
22564
31533
23943
21319
24076
29275
28040
4579
26780
18630
11314
9058
4583
24775
8398
9977
7463
20030
14087
9140
22273
17867
16718
4435
19210
3137
31356
25432
29321
31319
19129
19038
16511
26785
21405
8108
12004
6079
1942
12042
12596
26837
20618
21204
12330
31291
2493
5708
29387
31861
20724
21044
6311
21349
29403
30621
2396
22463
30372
31994
32091
19646
3313
8568
1007
24085
26100
31378
10875
14889
13012
32735
10499
7293
22099
2351
14317
23661
2223
29399
29449
21536
29381
23625
28112
13240
1148
13544
23785
5323
2657
2842
30962
25111
18063
20894
32380
26481
4306
3872
28503
7679
16908
11274
30993
2215
28375
21150
9401
13511
13675
5442
13288
13095
8899
20250
20227
7468
29435
29404
26810
31310
12541
15328
31444
6603
31068
30071
47
13469
25728
19582
20482
27562
23556
24371
15974
30268
24412
32583
9749
5296
31675
23092
16241
7026
31539
31696
26824
10793
3871
24354
17366
25390
31166
373
19595
14147
31520
11180
19727
6530
1350
26069
21252
12179
31621
18689
2571
21026
299
9042
8073
29072
7013
8789
5035
13033
10848
30610
7079
22807
32175
11106
31045
20053
2029
4609
27551
25062
30115
5860
7460
3590
11115
21069
13027
23073
28502
7452
24839
11587
16780
5864
10397
9424
10290
21070
8862
17269
29329
7049
31785
3166
14196
3395
2064
24233
4817
26539
2454
9499
26284
24008
7287
11794
9017
19725
24105
16315
23105
4909
15458
15493
8646
30257
3290
27606
2538
21191
21074
15100
10765
1245
21205
2662
2358
15982
25406
23316
26036
16540
3066
28748
8197
11008
27407
14735
19702
21822
30557
6347
13068
26332
2340
22738
14115
8532
19399
26635
31829
4199
31952
11111
15133
5301
7219
32151
5052
31883
29143
11901
24540
7932
3154
5856
18292
11571
7413
5219
7403
11783
21768
440
17536
22480
10326
32529
10985
15481
6381
7895
3898
31703
28703
19103
9225
28729
2252
29786
19408
2369
3812
26571
29842
18674
22567
20543
22210
5897
14895
18040
7008
24209
433
31466
11621
10674
28416
20522
14945
12234
23506
31139
9827
2495
28231
29323
30489
147
32039
24853
31288
10808
2411
14824
11038
18598
28928
14289
7095
7980
16071
31668
25757
12803
15328
26825
24707
9257
9768
4356
14035
10092
12288
17877
31126
12997
11601
8466
23189
29416
4557
6706
15293
10521
9335
31675
7880
27713
3173
19709
14362
65
6852
1025
10473
14214
30238
5053
9377
4830
2776
10889
1415
5002
25855
13527
5276
29588
22340
30750
2244
14435
4932
23063
295
21388
5901
10284
32472
17899
5086
29486
8629
30963
12847
21318
11406
16962
22257
10286
5257
17784
19991
10656
8132
10314
32341
23567
22333
19666
2600
15766
20463
1577
534
16174
3902
31544
3127
24099
3733
11211
9460
29129
8782
19431
23823
363
18386
26974
14564
13956
7937
4000
5358
16177
4820
24020
13196
13543
30016
17192
22533
23393
4702
21861
4810
19421
32458
30150
8956
24712
9545
14346
4398
29751
22446
16328
26476
19031
26366
2051
10876
13095
1746
18686
30819
16421
32765
28753
28716
7365
30319
24381
18148
24425
18009
25405
11753
26254
15506
7389
28261
5699
11834
18639
24085
2528
13213
7996
4431
3572
2649
15704
28227
30335
25284
19769
1409
9570
7304
24553
21435
21779
13968
11706
20684
31637
30248
12505
28666
22952
2399
20006
30072
2621
10416
67
17711
9772
31714
14571
3775
20521
17965
27782
31424
15605
7582
31738
15693
3025
12733
28867
12739
824
25964
16198
25542
1485
16402
866
10629
21395
31225
27465
13119
27484
10229
17550
13319
8324
19015
24447
1988
14558
17088
15540
31355
9967
30250
14568
5329
13402
7395
11016
4555
12444
1739
10378
25049
30713
22112
25600
24339
26294
30504
23021
5826
3209
21328
16343
19490
13390
3218
27037
6246
5115
15452
6411
19453
14550
32558
27564
29972
998
20291
23263
12124
19111
29301
557
8461
28674
32603
8154
18731
2427
15796
954
776
25773
26120
24646
25354
243
1164
12783
20654
20841
839
12467
461
23315
8051
32749
15134
859
20006
4209
31229
8897
21553
26840
27498
12238
5448
18457
21589
5705
24164
22106
20249
3758
12134
22533
582
2524
18429
5917
13475
1294
31689
11000000
25203
23052
4545
25940
14328
24483
13010
8166
5430
28242
11208
32051
32505
7494
1650
12772
8473
19337
15873
17266
17917
